diameter_coefficient: 0.001811035758323058
motor_intercept: -51.304312538704494
motor_slope: 2.5377984045767166
